50
10
0.58 0.61 0.39 0.65 0.71 0.68 0.55 0.29 0.13 0.84
0.35 0.90 0.19 0.87 0.26 0.10 0.45 0.81 0.32 0.48
10
0.01 0.41 0.29 0.63 0.99 0.40 0.73 0.31 0.51 0.36
0.87 0.81 0.34 0.47 0.74 0.64 0.97 0.86 0.03 0.69
2
0.68 0.74
0.05 0.63
9
0.11 0.96 0.78 0.09 0.07 0.66 0.05 0.94 0.82
0.76 0.14 0.27 0.18 0.60 0.86 0.35 0.72 0.22
3
0.73 0.82 0.55
0.45 0.36 0.27
3
0.22 0.37 0.26
0.44 0.96 0.85
9
0.79 0.32 0.38 0.10 0.51 0.86 0.67 0.17 0.73
0.36 0.04 0.96 0.30 0.62 0.27 0.25 0.81 0.23
10
0.98 0.63 0.80 0.45 0.70 0.76 0.48 0.93 0.66 0.37
0.81 0.38 0.20 0.18 0.39 0.77 0.29 0.61 0.71 0.88
10
0.856 0.593 0.949 0.915 0.983 0.881 0.678 0.847 0.559 0.831
0.017 0.119 0.093 0.195 0.390 0.186 0.534 0.322 0.466 0.415
5
0.82 0.18 0.91 0.27 0.09
0.36 0.64 0.55 0.45 0.73
5
0.56 0.12 0.44 0.19 0.88
0.75 0.94 0.06 0.50 0.62
1
0.73
0.82
10
0.57 0.75 0.20 0.55 0.16 0.82 0.84 0.32 0.77 0.52
0.14 0.68 0.86 0.05 0.93 0.41 0.36 0.07 0.18 0.25
10
0.08 0.38 0.47 0.82 0.86 0.62 0.30 0.36 0.37 0.59
0.42 0.03 0.71 0.20 0.24 0.09 0.93 0.64 0.57 0.45
10
0.22 0.35 0.25 0.87 0.54 0.30 0.51 0.77 0.95 0.53
0.72 0.73 0.92 0.64 0.76 0.33 0.55 0.28 0.17 0.49
4
0.39 0.21 0.27 0.18
0.58 0.61 0.45 0.06
4
0.48 0.08 0.32 0.40
0.72 0.96 0.76 0.60
10
0.53 0.58 0.63 0.79 0.84 0.71 0.66 0.74 0.68 0.97
0.26 0.42 0.45 0.34 0.13 0.29 0.05 0.16 0.03 0.18
10
0.92 0.58 0.46 0.87 0.56 0.51 0.45 0.98 0.99 0.81
0.07 0.05 0.14 0.08 0.11 0.15 0.01 0.42 0.16 0.40
10
0.80 0.59 0.11 0.70 0.04 0.30 0.48 0.98 0.50 0.39
0.13 0.20 0.17 0.67 0.24 0.22 0.65 0.93 0.52 0.76
10
0.30 0.49 0.05 0.76 0.11 0.84 0.95 0.35 0.73 0.03
0.08 0.59 0.68 0.70 0.19 0.57 0.92 0.14 0.97 0.43
7
0.21 0.01 0.63 0.03 0.94 0.44 0.34
0.85 0.93 0.18 0.46 0.04 0.13 0.28
7
0.25 0.94 0.88 0.56 0.06 0.81 0.69
0.44 0.50 0.12 0.75 0.31 0.38 0.62
10
0.22 0.27 0.36 0.01 0.17 0.05 0.12 0.25 0.19 0.06
0.47 0.84 0.51 0.49 0.98 0.86 0.48 0.42 0.95 0.89
10
0.87 0.61 0.70 0.74 0.96 0.52 0.83 0.78 0.57 0.91
0.48 0.35 0.13 0.30 0.09 0.39 0.04 0.17 0.22 0.26
2
0.69 0.54
0.31 0.77
10
0.36 0.62 0.15 0.46 0.69 0.97 0.67 0.28 0.92 0.18
0.72 0.10 0.33 0.95 0.77 0.08 0.79 0.51 0.87 0.23
7
0.39 0.55 0.97 0.85 0.70 0.45 0.82
0.18 0.52 0.03 0.73 0.09 0.42 0.12
7
0.67 0.72 0.37 0.46 0.65 0.26 0.17
0.23 0.95 0.43 0.77 0.93 0.56 0.16
6
0.04 0.22 0.35 0.02 0.67 0.37
0.43 0.28 0.46 0.83 0.24 0.74
1
0.9
0.1
10
0.472 0.689 0.179 0.283 0.028 0.660 0.075 0.868 0.057 0.811
0.717 0.396 0.358 0.274 0.934 0.236 0.840 0.340 0.906 0.877
9
0.82 0.88 0.21 0.23 0.28 0.02 0.46 0.98 0.47
0.51 0.18 0.63 0.56 0.25 0.39 0.14 0.86 0.93
3
0.54 0.04 0.21
0.75 0.93 0.57
2
0.94 0.47
0.59 0.71
6
0.37 0.30 0.60 0.51 0.14 0.34
0.87 0.64 0.67 0.63 0.99 0.90
9
0.63 0.59 0.45 0.96 0.84 0.80 0.12 0.25 0.04
0.33 0.69 0.20 0.35 0.16 0.24 0.75 0.49 0.51
10
0.79 0.40 0.07 0.77 0.42 0.58 0.93 0.37 0.72 0.95
0.05 0.14 0.21 0.28 0.16 0.98 0.12 0.53 0.70 0.81
2
0.7 0.6
0.3 0.1
2
0.22 0.43
0.91 0.74
10
0.74 0.56 0.40 0.32 0.30 0.04 0.09 0.25 0.14 0.39
0.63 0.81 0.61 0.65 0.07 0.91 0.26 0.11 0.02 0.93
10
0.43 0.85 0.88 0.30 0.40 0.33 0.73 0.38 0.35 0.68
0.55 0.22 0.78 0.50 0.98 0.93 0.90 0.60 0.27 0.12
10
0.90 0.81 0.89 0.80 0.68 0.97 0.82 0.67 0.74 0.76
0.54 0.52 0.16 0.04 0.17 0.33 0.21 0.65 0.26 0.62
10
0.21 0.68 0.44 0.59 0.71 0.74 0.29 0.65 0.18 0.35
0.97 0.41 0.26 0.06 0.62 0.82 0.24 0.32 0.91 0.56
10
0.20 0.21 0.36 0.07 0.47 0.12 0.26 0.39 0.14 0.41
0.60 0.91 0.93 0.63 0.68 0.57 0.59 0.77 0.92 0.98
10
0.42 0.50 0.41 0.65 0.31 0.62 0.83 0.91 0.66 0.35
0.08 0.16 0.10 0.01 0.21 0.19 0.20 0.24 0.14 0.07
10
0.48 0.64 0.70 0.73 0.78 0.87 0.94 0.79 0.84 0.66
0.30 0.39 0.01 0.33 0.04 0.36 0.22 0.45 0.25 0.28
10
0.67 0.81 0.05 0.95 0.24 0.10 0.48 0.90 0.62 0.38
0.19 0.14 0.86 0.43 0.71 0.52 0.57 0.29 0.33 0.76
10
0.88 0.70 0.84 0.16 0.58 0.44 0.60 0.63 0.30 0.74
0.12 0.47 0.49 0.19 0.98 0.33 0.91 0.67 0.05 0.35
10
0.77 0.71 0.48 0.22 0.55 0.99 0.34 0.45 0.63 0.91
0.13 0.75 0.10 0.53 0.46 0.39 0.44 0.16 0.06 0.25
